

===================================================================
== Radalib, Copyright (c) 2021 by                                ==
==   Sergio Gomez             (sergio.gomez@urv.cat)             ==
==   Alberto Fernandez        (alberto.fernandez@urv.cat)        ==
== See LICENSE.txt                                               ==
===================================================================
== Calculate the total modularity, decomposed in node            ==
== and community contributions                                   ==
===================================================================


.\toy\20x2+5x2.net + .\type2\20x2+5x2.clu  (WN, resistance: 0, penalty coefficient: 0):
  Q =  0.99257426 =  0.99257426 -  0.00000000
    Q(1) =  0.47029703 =  0.47029703 -  0.00000000     (20 nodes)
      q(1) =  0.02351485 =  0.02351485 -  0.00000000
      q(2) =  0.02351485 =  0.02351485 -  0.00000000
      q(3) =  0.02351485 =  0.02351485 -  0.00000000
      q(4) =  0.02351485 =  0.02351485 -  0.00000000
      q(5) =  0.02351485 =  0.02351485 -  0.00000000
      q(6) =  0.02351485 =  0.02351485 -  0.00000000
      q(7) =  0.02351485 =  0.02351485 -  0.00000000
      q(8) =  0.02351485 =  0.02351485 -  0.00000000
      q(9) =  0.02351485 =  0.02351485 -  0.00000000
      q(10) =  0.02351485 =  0.02351485 -  0.00000000
      q(11) =  0.02351485 =  0.02351485 -  0.00000000
      q(12) =  0.02351485 =  0.02351485 -  0.00000000
      q(13) =  0.02351485 =  0.02351485 -  0.00000000
      q(14) =  0.02351485 =  0.02351485 -  0.00000000
      q(15) =  0.02351485 =  0.02351485 -  0.00000000
      q(16) =  0.02351485 =  0.02351485 -  0.00000000
      q(17) =  0.02351485 =  0.02351485 -  0.00000000
      q(18) =  0.02351485 =  0.02351485 -  0.00000000
      q(19) =  0.02351485 =  0.02351485 -  0.00000000
      q(20) =  0.02351485 =  0.02351485 -  0.00000000
    Q(2) =  0.47029703 =  0.47029703 -  0.00000000     (20 nodes)
      q(21) =  0.02351485 =  0.02351485 -  0.00000000
      q(22) =  0.02351485 =  0.02351485 -  0.00000000
      q(23) =  0.02351485 =  0.02351485 -  0.00000000
      q(24) =  0.02351485 =  0.02351485 -  0.00000000
      q(25) =  0.02351485 =  0.02351485 -  0.00000000
      q(26) =  0.02351485 =  0.02351485 -  0.00000000
      q(27) =  0.02351485 =  0.02351485 -  0.00000000
      q(28) =  0.02351485 =  0.02351485 -  0.00000000
      q(29) =  0.02351485 =  0.02351485 -  0.00000000
      q(30) =  0.02351485 =  0.02351485 -  0.00000000
      q(31) =  0.02351485 =  0.02351485 -  0.00000000
      q(32) =  0.02351485 =  0.02351485 -  0.00000000
      q(33) =  0.02351485 =  0.02351485 -  0.00000000
      q(34) =  0.02351485 =  0.02351485 -  0.00000000
      q(35) =  0.02351485 =  0.02351485 -  0.00000000
      q(36) =  0.02351485 =  0.02351485 -  0.00000000
      q(37) =  0.02351485 =  0.02351485 -  0.00000000
      q(38) =  0.02351485 =  0.02351485 -  0.00000000
      q(39) =  0.02351485 =  0.02351485 -  0.00000000
      q(40) =  0.02351485 =  0.02351485 -  0.00000000
    Q(3) =  0.05198020 =  0.05198020 -  0.00000000     (10 nodes)
      q(41) =  0.00618812 =  0.00618812 -  0.00000000
      q(42) =  0.00495050 =  0.00495050 -  0.00000000
      q(43) =  0.00495050 =  0.00495050 -  0.00000000
      q(44) =  0.00495050 =  0.00495050 -  0.00000000
      q(45) =  0.00495050 =  0.00495050 -  0.00000000
      q(46) =  0.00618812 =  0.00618812 -  0.00000000
      q(47) =  0.00495050 =  0.00495050 -  0.00000000
      q(48) =  0.00495050 =  0.00495050 -  0.00000000
      q(49) =  0.00495050 =  0.00495050 -  0.00000000
      q(50) =  0.00495050 =  0.00495050 -  0.00000000

