

===================================================================
== Radalib, Copyright (c) 2021 by                                ==
==   Sergio Gomez             (sergio.gomez@urv.cat)             ==
==   Alberto Fernandez        (alberto.fernandez@urv.cat)        ==
== See LICENSE.txt                                               ==
===================================================================
== Calculate the total modularity, decomposed in node            ==
== and community contributions                                   ==
===================================================================


.\real\cat_cortex_sim.net + .\type1\cat_cortex_sim.clu  (WN, resistance: 0, penalty coefficient: 0):
  Q =  0.82685753 =  0.82685753 -  0.00000000
    Q(1) =  0.61690525 =  0.61690525 -  0.00000000     (40 nodes)
      q(1) =  0.01431493 =  0.01431493 -  0.00000000
      q(2) =  0.01533742 =  0.01533742 -  0.00000000
      q(3) =  0.01942740 =  0.01942740 -  0.00000000
      q(4) =  0.01738241 =  0.01738241 -  0.00000000
      q(5) =  0.01806408 =  0.01806408 -  0.00000000
      q(6) =  0.01397410 =  0.01397410 -  0.00000000
      q(7) =  0.00988412 =  0.00988412 -  0.00000000
      q(8) =  0.00886162 =  0.00886162 -  0.00000000
      q(9) =  0.00886162 =  0.00886162 -  0.00000000
      q(10) =  0.01533742 =  0.01533742 -  0.00000000
      q(11) =  0.01158828 =  0.01158828 -  0.00000000
      q(12) =  0.02692570 =  0.02692570 -  0.00000000
      q(13) =  0.01635992 =  0.01635992 -  0.00000000
      q(14) =  0.01840491 =  0.01840491 -  0.00000000
      q(15) =  0.01772324 =  0.01772324 -  0.00000000
      q(16) =  0.01363327 =  0.01363327 -  0.00000000
      q(17) =  0.00988412 =  0.00988412 -  0.00000000
      q(18) =  0.01261077 =  0.01261077 -  0.00000000
      q(19) =  0.00647580 =  0.00647580 -  0.00000000
      q(20) =  0.01226994 =  0.01226994 -  0.00000000
      q(21) =  0.00681663 =  0.00681663 -  0.00000000
      q(22) =  0.02283572 =  0.02283572 -  0.00000000
      q(23) =  0.00817996 =  0.00817996 -  0.00000000
      q(33) =  0.01806408 =  0.01806408 -  0.00000000
      q(37) =  0.01124744 =  0.01124744 -  0.00000000
      q(41) =  0.01567825 =  0.01567825 -  0.00000000
      q(42) =  0.01772324 =  0.01772324 -  0.00000000
      q(43) =  0.01840491 =  0.01840491 -  0.00000000
      q(44) =  0.02215406 =  0.02215406 -  0.00000000
      q(45) =  0.02317655 =  0.02317655 -  0.00000000
      q(46) =  0.02556237 =  0.02556237 -  0.00000000
      q(47) =  0.01635992 =  0.01635992 -  0.00000000
      q(48) =  0.01261077 =  0.01261077 -  0.00000000
      q(49) =  0.02965235 =  0.02965235 -  0.00000000
      q(50) =  0.02488071 =  0.02488071 -  0.00000000
      q(51) =  0.00920245 =  0.00920245 -  0.00000000
      q(52) =  0.00988412 =  0.00988412 -  0.00000000
      q(53) =  0.01738241 =  0.01738241 -  0.00000000
      q(54) =  0.00443081 =  0.00443081 -  0.00000000
      q(55) =  0.01533742 =  0.01533742 -  0.00000000
    Q(2) =  0.20995228 =  0.20995228 -  0.00000000     (15 nodes)
      q(24) =  0.01329243 =  0.01329243 -  0.00000000
      q(25) =  0.01397410 =  0.01397410 -  0.00000000
      q(26) =  0.01295160 =  0.01295160 -  0.00000000
      q(27) =  0.01226994 =  0.01226994 -  0.00000000
      q(28) =  0.01840491 =  0.01840491 -  0.00000000
      q(29) =  0.00988412 =  0.00988412 -  0.00000000
      q(30) =  0.01908657 =  0.01908657 -  0.00000000
      q(31) =  0.01499659 =  0.01499659 -  0.00000000
      q(32) =  0.01124744 =  0.01124744 -  0.00000000
      q(34) =  0.01635992 =  0.01635992 -  0.00000000
      q(35) =  0.01465576 =  0.01465576 -  0.00000000
      q(36) =  0.01431493 =  0.01431493 -  0.00000000
      q(38) =  0.01295160 =  0.01295160 -  0.00000000
      q(39) =  0.01192911 =  0.01192911 -  0.00000000
      q(40) =  0.01363327 =  0.01363327 -  0.00000000

