

===================================================================
== Radalib, Copyright (c) 2021 by                                ==
==   Sergio Gomez             (sergio.gomez@urv.cat)             ==
==   Alberto Fernandez        (alberto.fernandez@urv.cat)        ==
== See LICENSE.txt                                               ==
===================================================================
== Calculate the total modularity, decomposed in node            ==
== and community contributions                                   ==
===================================================================


.\real\cat_cortex_sim.net + .\real\cat_cortex_sim.clu  (WN, resistance: 0, penalty coefficient: 0):
  Q =  0.65371506 =  0.65371506 -  0.00000000
    Q(1) =  0.17995910 =  0.17995910 -  0.00000000     (16 nodes)
      q(1) =  0.01431493 =  0.01431493 -  0.00000000
      q(2) =  0.01499659 =  0.01499659 -  0.00000000
      q(3) =  0.01806408 =  0.01806408 -  0.00000000
      q(4) =  0.01499659 =  0.01499659 -  0.00000000
      q(5) =  0.01397410 =  0.01397410 -  0.00000000
      q(6) =  0.01158828 =  0.01158828 -  0.00000000
      q(7) =  0.00579414 =  0.00579414 -  0.00000000
      q(8) =  0.00852079 =  0.00852079 -  0.00000000
      q(9) =  0.00681663 =  0.00681663 -  0.00000000
      q(10) =  0.01261077 =  0.01261077 -  0.00000000
      q(11) =  0.00920245 =  0.00920245 -  0.00000000
      q(12) =  0.01704158 =  0.01704158 -  0.00000000
      q(13) =  0.00647580 =  0.00647580 -  0.00000000
      q(14) =  0.00817996 =  0.00817996 -  0.00000000
      q(15) =  0.00988412 =  0.00988412 -  0.00000000
      q(16) =  0.00749830 =  0.00749830 -  0.00000000
    Q(2) =  0.04294479 =  0.04294479 -  0.00000000     (7 nodes)
      q(17) =  0.00783913 =  0.00783913 -  0.00000000
      q(18) =  0.00749830 =  0.00749830 -  0.00000000
      q(19) =  0.00545331 =  0.00545331 -  0.00000000
      q(20) =  0.00749830 =  0.00749830 -  0.00000000
      q(21) =  0.00613497 =  0.00613497 -  0.00000000
      q(22) =  0.00545331 =  0.00545331 -  0.00000000
      q(23) =  0.00306748 =  0.00306748 -  0.00000000
    Q(3) =  0.25221541 =  0.25221541 -  0.00000000     (17 nodes)
      q(24) =  0.01329243 =  0.01329243 -  0.00000000
      q(25) =  0.01431493 =  0.01431493 -  0.00000000
      q(26) =  0.01329243 =  0.01329243 -  0.00000000
      q(27) =  0.01329243 =  0.01329243 -  0.00000000
      q(28) =  0.01874574 =  0.01874574 -  0.00000000
      q(29) =  0.01124744 =  0.01124744 -  0.00000000
      q(30) =  0.02147239 =  0.02147239 -  0.00000000
      q(31) =  0.01567825 =  0.01567825 -  0.00000000
      q(32) =  0.01465576 =  0.01465576 -  0.00000000
      q(33) =  0.01090661 =  0.01090661 -  0.00000000
      q(34) =  0.01704158 =  0.01704158 -  0.00000000
      q(35) =  0.01704158 =  0.01704158 -  0.00000000
      q(36) =  0.01635992 =  0.01635992 -  0.00000000
      q(37) =  0.01158828 =  0.01158828 -  0.00000000
      q(38) =  0.01431493 =  0.01431493 -  0.00000000
      q(39) =  0.01465576 =  0.01465576 -  0.00000000
      q(40) =  0.01431493 =  0.01431493 -  0.00000000
    Q(4) =  0.17859577 =  0.17859577 -  0.00000000     (15 nodes)
      q(41) =  0.01465576 =  0.01465576 -  0.00000000
      q(42) =  0.01499659 =  0.01499659 -  0.00000000
      q(43) =  0.01124744 =  0.01124744 -  0.00000000
      q(44) =  0.01226994 =  0.01226994 -  0.00000000
      q(45) =  0.01022495 =  0.01022495 -  0.00000000
      q(46) =  0.01363327 =  0.01363327 -  0.00000000
      q(47) =  0.01329243 =  0.01329243 -  0.00000000
      q(48) =  0.00783913 =  0.00783913 -  0.00000000
      q(49) =  0.01670075 =  0.01670075 -  0.00000000
      q(50) =  0.01295160 =  0.01295160 -  0.00000000
      q(51) =  0.00852079 =  0.00852079 -  0.00000000
      q(52) =  0.00920245 =  0.00920245 -  0.00000000
      q(53) =  0.01533742 =  0.01533742 -  0.00000000
      q(54) =  0.00443081 =  0.00443081 -  0.00000000
      q(55) =  0.01329243 =  0.01329243 -  0.00000000

