

===================================================================
== Radalib, Copyright (c) 2021 by                                ==
==   Sergio Gomez             (sergio.gomez@urv.cat)             ==
==   Alberto Fernandez        (alberto.fernandez@urv.cat)        ==
== See LICENSE.txt                                               ==
===================================================================
== Calculate the total modularity, decomposed in node            ==
== and community contributions                                   ==
===================================================================


.\toy\grid-p-6x6.net + .\type2\grid-p-6x6.clu  (WN, resistance: 0, penalty coefficient: 0):
  Q =  0.75000000 =  0.75000000 -  0.00000000
    Q(1) =  0.25000000 =  0.25000000 -  0.00000000     (12 nodes)
      q(1) =  0.02083333 =  0.02083333 -  0.00000000
      q(2) =  0.02083333 =  0.02083333 -  0.00000000
      q(3) =  0.02083333 =  0.02083333 -  0.00000000
      q(4) =  0.02083333 =  0.02083333 -  0.00000000
      q(5) =  0.02083333 =  0.02083333 -  0.00000000
      q(6) =  0.02083333 =  0.02083333 -  0.00000000
      q(7) =  0.02083333 =  0.02083333 -  0.00000000
      q(8) =  0.02083333 =  0.02083333 -  0.00000000
      q(9) =  0.02083333 =  0.02083333 -  0.00000000
      q(10) =  0.02083333 =  0.02083333 -  0.00000000
      q(11) =  0.02083333 =  0.02083333 -  0.00000000
      q(12) =  0.02083333 =  0.02083333 -  0.00000000
    Q(2) =  0.25000000 =  0.25000000 -  0.00000000     (12 nodes)
      q(13) =  0.02083333 =  0.02083333 -  0.00000000
      q(14) =  0.02083333 =  0.02083333 -  0.00000000
      q(15) =  0.02083333 =  0.02083333 -  0.00000000
      q(16) =  0.02083333 =  0.02083333 -  0.00000000
      q(17) =  0.02083333 =  0.02083333 -  0.00000000
      q(18) =  0.02083333 =  0.02083333 -  0.00000000
      q(19) =  0.02083333 =  0.02083333 -  0.00000000
      q(20) =  0.02083333 =  0.02083333 -  0.00000000
      q(21) =  0.02083333 =  0.02083333 -  0.00000000
      q(22) =  0.02083333 =  0.02083333 -  0.00000000
      q(23) =  0.02083333 =  0.02083333 -  0.00000000
      q(24) =  0.02083333 =  0.02083333 -  0.00000000
    Q(3) =  0.25000000 =  0.25000000 -  0.00000000     (12 nodes)
      q(25) =  0.02083333 =  0.02083333 -  0.00000000
      q(26) =  0.02083333 =  0.02083333 -  0.00000000
      q(27) =  0.02083333 =  0.02083333 -  0.00000000
      q(28) =  0.02083333 =  0.02083333 -  0.00000000
      q(29) =  0.02083333 =  0.02083333 -  0.00000000
      q(30) =  0.02083333 =  0.02083333 -  0.00000000
      q(31) =  0.02083333 =  0.02083333 -  0.00000000
      q(32) =  0.02083333 =  0.02083333 -  0.00000000
      q(33) =  0.02083333 =  0.02083333 -  0.00000000
      q(34) =  0.02083333 =  0.02083333 -  0.00000000
      q(35) =  0.02083333 =  0.02083333 -  0.00000000
      q(36) =  0.02083333 =  0.02083333 -  0.00000000

