

===================================================================
== Radalib, Copyright (c) 2021 by                                ==
==   Sergio Gomez             (sergio.gomez@urv.cat)             ==
==   Alberto Fernandez        (alberto.fernandez@urv.cat)        ==
== See LICENSE.txt                                               ==
===================================================================
== Calculate the total modularity, decomposed in node            ==
== and community contributions                                   ==
===================================================================


.\real\zachary_unwh.net + .\type1\zachary_unwh.clu  (WN, resistance: 0, penalty coefficient: 0):
  Q =  0.75641026 =  0.75641026 -  0.00000000
    Q(1) =  0.15384615 =  0.15384615 -  0.00000000     (8 nodes)
      q(1) =  0.03846154 =  0.03846154 -  0.00000000
      q(5) =  0.01923077 =  0.01923077 -  0.00000000
      q(6) =  0.02564103 =  0.02564103 -  0.00000000
      q(7) =  0.02564103 =  0.02564103 -  0.00000000
      q(11) =  0.01923077 =  0.01923077 -  0.00000000
      q(12) =  0.00641026 =  0.00641026 -  0.00000000
      q(17) =  0.01282051 =  0.01282051 -  0.00000000
      q(20) =  0.00641026 =  0.00641026 -  0.00000000
    Q(2) =  0.16666667 =  0.16666667 -  0.00000000     (9 nodes)
      q(2) =  0.03846154 =  0.03846154 -  0.00000000
      q(3) =  0.03205128 =  0.03205128 -  0.00000000
      q(4) =  0.03205128 =  0.03205128 -  0.00000000
      q(8) =  0.01923077 =  0.01923077 -  0.00000000
      q(10) =  0.00641026 =  0.00641026 -  0.00000000
      q(13) =  0.00641026 =  0.00641026 -  0.00000000
      q(14) =  0.01923077 =  0.01923077 -  0.00000000
      q(18) =  0.00641026 =  0.00641026 -  0.00000000
      q(22) =  0.00641026 =  0.00641026 -  0.00000000
    Q(3) =  0.43589744 =  0.43589744 -  0.00000000     (17 nodes)
      q(9) =  0.01923077 =  0.01923077 -  0.00000000
      q(15) =  0.01282051 =  0.01282051 -  0.00000000
      q(16) =  0.01282051 =  0.01282051 -  0.00000000
      q(19) =  0.01282051 =  0.01282051 -  0.00000000
      q(21) =  0.01282051 =  0.01282051 -  0.00000000
      q(23) =  0.01282051 =  0.01282051 -  0.00000000
      q(24) =  0.03205128 =  0.03205128 -  0.00000000
      q(25) =  0.01923077 =  0.01923077 -  0.00000000
      q(26) =  0.01923077 =  0.01923077 -  0.00000000
      q(27) =  0.01282051 =  0.01282051 -  0.00000000
      q(28) =  0.01923077 =  0.01923077 -  0.00000000
      q(29) =  0.01282051 =  0.01282051 -  0.00000000
      q(30) =  0.02564103 =  0.02564103 -  0.00000000
      q(31) =  0.01923077 =  0.01923077 -  0.00000000
      q(32) =  0.03205128 =  0.03205128 -  0.00000000
      q(33) =  0.07051282 =  0.07051282 -  0.00000000
      q(34) =  0.08974359 =  0.08974359 -  0.00000000

