

===================================================================
== Radalib, Copyright (c) 2021 by                                ==
==   Sergio Gomez             (sergio.gomez@urv.cat)             ==
==   Alberto Fernandez        (alberto.fernandez@urv.cat)        ==
== See LICENSE.txt                                               ==
===================================================================
== Calculate the total modularity, decomposed in node            ==
== and community contributions                                   ==
===================================================================


.\real\zachary_unwh.net + .\type3\zachary_unwh.clu  (WN, resistance: 0, penalty coefficient: 0):
  Q =  0.73076923 =  0.73076923 -  0.00000000
    Q(1) =  0.29487179 =  0.29487179 -  0.00000000     (11 nodes)
      q(1) =  0.06410256 =  0.06410256 -  0.00000000
      q(2) =  0.05128205 =  0.05128205 -  0.00000000
      q(3) =  0.03205128 =  0.03205128 -  0.00000000
      q(4) =  0.03846154 =  0.03846154 -  0.00000000
      q(8) =  0.02564103 =  0.02564103 -  0.00000000
      q(12) =  0.00641026 =  0.00641026 -  0.00000000
      q(13) =  0.01282051 =  0.01282051 -  0.00000000
      q(14) =  0.02564103 =  0.02564103 -  0.00000000
      q(18) =  0.01282051 =  0.01282051 -  0.00000000
      q(20) =  0.01282051 =  0.01282051 -  0.00000000
      q(22) =  0.01282051 =  0.01282051 -  0.00000000
    Q(2) =  0.07692308 =  0.07692308 -  0.00000000     (5 nodes)
      q(5) =  0.01282051 =  0.01282051 -  0.00000000
      q(6) =  0.01923077 =  0.01923077 -  0.00000000
      q(7) =  0.01923077 =  0.01923077 -  0.00000000
      q(11) =  0.01282051 =  0.01282051 -  0.00000000
      q(17) =  0.01282051 =  0.01282051 -  0.00000000
    Q(3) =  0.26923077 =  0.26923077 -  0.00000000     (12 nodes)
      q(9) =  0.01923077 =  0.01923077 -  0.00000000
      q(10) =  0.00641026 =  0.00641026 -  0.00000000
      q(15) =  0.01282051 =  0.01282051 -  0.00000000
      q(16) =  0.01282051 =  0.01282051 -  0.00000000
      q(19) =  0.01282051 =  0.01282051 -  0.00000000
      q(21) =  0.01282051 =  0.01282051 -  0.00000000
      q(23) =  0.01282051 =  0.01282051 -  0.00000000
      q(27) =  0.01282051 =  0.01282051 -  0.00000000
      q(30) =  0.01923077 =  0.01923077 -  0.00000000
      q(31) =  0.01923077 =  0.01923077 -  0.00000000
      q(33) =  0.05769231 =  0.05769231 -  0.00000000
      q(34) =  0.07051282 =  0.07051282 -  0.00000000
    Q(4) =  0.08974359 =  0.08974359 -  0.00000000     (6 nodes)
      q(24) =  0.01282051 =  0.01282051 -  0.00000000
      q(25) =  0.01923077 =  0.01923077 -  0.00000000
      q(26) =  0.01923077 =  0.01923077 -  0.00000000
      q(28) =  0.01282051 =  0.01282051 -  0.00000000
      q(29) =  0.00641026 =  0.00641026 -  0.00000000
      q(32) =  0.01923077 =  0.01923077 -  0.00000000

